234
876
1160
690
754
696
483
89
883
318
1161
736
46
237
839
600
583
107
893
359
56
430
725
822
1088
404
952
463
397
516
412
1158
768
450
529
7
567
654
445
371
855
719
809
1128
467
1023
1191
665
573
492
1002
869
166
393
256
801
1066
1233
224
518
584
777
968
844
1244
507
745
962
864
799
1038
53
1037
906
1265
502
54
689
125
243
171
549
836
722
461
871
833
995
1183
394
1005
151
686
23
119
972
431
1174
909
104
639
254
1048
1256
456
1046
199
366
1145
123
1125
884
841
399
1250
1139
648
459
435
1074
1015
381
407
352
1047
15
385
880
416
661
472
931
38
1142
327
933
290
1136
519
966
164
1277
454
304
443
260
298
180
218
217
616
428
991
331
413
91
24
818
619
271
476
535
1193
831
575
1108
827
1203
853
423
1278
184
1112
305
158
542
1040
1070
1031
361
792
401
415
840
1016
274
1078
1071
425
193
897
247
961
942
131
1141
617
1165
601
489
586
729
1020
667
167
409
643
769
250
622
115
1003
637
452
255
1076
1024
695
904
980
669
1044
702
605
971
275
770
672
306
595
1111
927
156
402
284
17
651
1106
913
449
50
681
773
624
400
411
760
223
510
211
479
1230
834
59
42
1144
143
114
663
1268
446
715
910
949
1104
32
145
508
511
1094
1110
780
343
1006
919
434
257
1236
539
671
486
1114
460
108
205
1238
505
748
569
1130
4
1062
775
761
88
786
738
608
155
999
480
598
118
420
221
9
1134
825
625
703
828
200
1014
998
202
781
842
1098
888
405
439
436
571
1055
21
1219
386
358
1011
1260
466
101
1257
448
1079
363
55
1022
559
497
541
776
940
188
438
71
656
724
560
528
824
100
1195
1163
344
970
618
848
990
1049
388
977
712
232
266
628
1169
1228
1181
235
545
1
615
514
1029
563
813
1197
345
1052
362
1034
740
293
983
342
757
566
192
627
527
83
996
129
747
113
154
1274
163
16
525
1275
295
565
1267
493
763
377
283
375
954
548
886
103
921
701
537
244
64
523
1051
252
632
796
739
433
926
98
1097
1067
920
662
682
471
604
1262
900
1157
142
1164
878
410
178
74
314
749
1127
819
821
52
406
384
1080
203
1096
468
209
148
175
1259
1241
99
1204
879
694
403
572
890
373
1270
1220
69
124
196
1064
1036
267
265
562
860
27
475
47
8
887
1167
985
1105
698
989
309
214
804
633
1053
1201
570
77
630
441
937
1050
564
872
547
1226
891
870
861
646
752
816
986
606
806
574
621
96
504
967
334
956
903
1045
31
602
620
316
233
1101
1063
179
422
1068
901
673
882
1147
823
1138
1021
708
447
1041
546
987
95
30
1231
885
1010
1077
285
1084
859
551
1190
86
532
220
561
720
51
755
912
984
946
992
534
63
943
691
1182
963
470
1087
826
496
208
1200
1102
121
631
1082
1013
994
607
750
84
978
1095
538
1189
481
379
174
280
711
277
794
1149
85
484
1205
1007
728
1120
1151
930
229
369
1249
1173
1271
194
714
802
845
680
230
645
490
939
324
172
25
835
338
97
152
660
207
491
790
370
1146
13
889
540
589
297
1150
981
72
591
1061
169
1156
1188
190
1216
721
657
398
941
116
210
969
336
556
242
26
236
33
70
58
168
1100
1251
925
1152
945
955
905
128
1212
228
140
948
177
718
810
75
1026
902
390
126
258
264
1018
590
554
1263
76
1043
153
756
774
387
1121
517
1028
1215
1057
944
1235
60
1000
1009
697
849
421
609
276
1122
300
1143
892
197
693
807
182
784
6
144
185
424
1196
744
779
934
592
1124
41
767
793
587
1035
960
147
1258
227
874
935
862
437
357
852
1133
588
594
733
10
812
263
201
330
1224
29
531
160
159
87
1222
488
1171
1058
310
557
974
249
798
1269
843
666
1060
997
530
938
355
329
668
1162
544
1132
915
354
1008
709
1202
130
457
311
1153
455
353
553
1089
291
3
112
320
1033
337
881
462
688
301
1069
49
392
133
162
670
699
1221
82
515
173
805
1073
644
365
1159
498
741
281
350
953
73
988
102
914
579
302
581
850
629
187
414
395
408
1198
299
161
1099
751
568
1054
19
599
603
127
1107
1093
1075
245
520
716
273
360
1206
1254
838
62
1027
442
868
383
803
1234
1246
279
278
65
333
248
791
783
634
134
727
328
947
139
612
1217
811
614
1209
482
2
707
149
1039
66
396
474
81
1140
585
785
67
137
432
732
513
857
323
1004
652
34
321
1012
1272
854
240
28
1081
440
895
705
1172
1232
787
762
427
347
832
429
830
1242
183
837
1176
788
1154
135
346
458
596
742
1184
272
723
641
1192
717
307
976
677
206
18
469
464
189
216
120
973
558
578
1083
105
1211
1090
1135
215
918
339
597
1210
246
676
231
1117
111
858
110
195
1186
1279
964
1065
132
1001
524
647
106
1208
122
356
582
262
993
465
950
808
877
241
899
965
287
312
898
1227
374
495
771
521
453
1155
908
684
500
916
90
640
270
795
1178
765
286
928
863
